475
4175
6498
4396
3935
1377
3792
8467
9742
1575
3118
7661
5344
3327
8565
6760
4095
2772
799
3131
4406
9903
3578
6904
9668
1757
5478
1498
1484
8212
6444
4508
6924
9008
142
5205
3331
3553
9364
6728
9011
7854
6554
7835
3346
1604
7503
2781
9912
2173
2340
7508
4940
8164
9787
6959
9336
4164
6193
4966
7560
9899
4263
3173
3185
8523
3242
5380
7878
1652
4710
8907
4400
284
4892
9606
2382
1928
9012
4644
132
1807
3240
1820
9371
5776
3510
3296
2637
482
6960
9777
5201
7499
3203
9328
1342
9870
971
6585
1254
9956
2497
187
5057
4048
159
6257
1154
6495
3109
5369
1291
5943
5254
9814
9579
5895
6779
5865
337
9405
397
3635
4727
9498
4217
8652
1298
8111
9762
6954
123
1882
8830
4192
8077
291
4117
5950
308
3685
302
7263
7267
9647
2115
2277
2883
3146
2766
473
6086
816
2044
1094
2057
5528
1256
9111
961
218
2882
2835
2737
6617
9435
5955
1017
3706
55
4735
8658
6611
3677
249
8350
940
8632
7573
7116
4914
4171
3225
753
4665
6343
2787
6949
1860
8488
2152
7518
9403
802
6588
6843
9714
44
1571
4198
6656
4256
9996
2912
1932
5631
7201
5834
9537
4942
9034
9470
3369
8326
3317
8904
2542
7213
4888
7511
8019
8910
8196
1887
7123
1592
7682
9171
8649
6010
4930
9966
7043
1876
278
5046
197
645
4526
5147
2584
4982
170
4666
7405
348
3480
3902
182
1064
490
3860
1689
4732
1650
3333
4959
3870
3721
2757
3383
9022
3794
6146
8108
6546
3534
2336
3528
6396
5488
7665
3419
9951
1646
4789
2084
537
8079
7537
7386
6946
9724
904
4755
7317
8577
8566
6089
9993
5220
4276
3205
6300
1213
4385
6342
4294
98
271
5759
4322
104
6296
3866
5257
3636
8090
5630
6275
8993
2728
4528
6187
7226
4875
4138
2109
25
6013
6586
904
4923
6557
2576
5552
4432
4800
8411
8086
2363
5575
3772
4665
2740
3722
9282
9016
7314
8297
8377
3521
3951
8545
3067
1988
2712
2794
7874
9158
9465
9441
4142
5701
1897
5412
4124
474
6060
9904
4674
8841
1957
2989
6979
9561
6967
7551
5667
4230
214
5551
8324
2688
3224
4605
5530
1448
5469
3673
9637
2414
154
5306
9285
1235
440
5534
7493
9362
2956
2709
4144
3900
5147
3045
1381
7845
4994
2591
9212
2394
3675
2992
4819
231
6832
4595
4705
653
3118
2953
9053
629
8272
6325
8578
5054
4949
7355
6201
720
7975
9771
9232
6273
7777
6940
9896
9292
3033
4072
5390
2090
933
6362
1931
898
7109
8805
4688
1517
1582
9437
9785
833
7052
4760
5854
6902
6781
6334
3468
1422
7558
7655
488
206
2790
9806
2175
3341
1487
6498
5860
4705
254
7940
1103
6953
7964
9832
6345
423
6824
558
5447
7264
8627
9246
7633
959
6582
6231
6342
6979
7060
2671
398
5221
3284
7140
4625
5806
8073
2853
9797
487
5113
4089
3929
3855
2263
4022
1930
610
8795
7317
572
8516
150
7440
2078
8187
205
8953
9801
903
4742
9194
4480
9583
9784
281
8847
4752
8860
5779
4287
3270
5603
9375
9234
5388
8152
7139
7430
5893
6429
8006
743
8792
7266
6678
2826
2564
2683
1049
493
4294
4587
7789
3065
9097
4071
4873
6445
1746
3017
8336
3355
3635
8671
1553
7271
4524
4160
6273
5418
2985
4256
3020
1036
440
9815
151
9189
4800
7954
8039
7873
5242
5480
8360
2617
6496
5477
9996
2650
2446
2858
6564
2233
8863
7392
9471
5966
1450
6517
3311
6940
3523
1251
5141
7474
8378
5244
2970
5993
3984
5016
7768
6525
8725
8590
6655
9340
471
5643
5345
935
4546
3889
8672
877
7280
294
6221
4289
4513
5385
2026
5437
8450
1352
2341
3986
1742
2143
856
4808
1539
7982
2803
1334
2374
2772
8848
4924
6469
6802
8978
4879
6405
4284
4138
4210
237
4177
7662
7592
1296
2487
6020
4704
4340
2572
84
7548
4491
408
3281
646
7966
5059
6490
8354
7537
1546
1023
1557
9016
348
5552
2690
8773
731
313
7138
3922
8854
5702
4748
6713
5189
4539
9692
8898
5737
3221
955
2869
9449
7041
7140
8317
1867
1988
2835
4935
3198
4251
49
8110
1364
7340
5394
843
6168
6899
6843
1206
1648
7242
1306
749
3377
577
3584
9311
2053
8554
7731
2609
5641
3644
9033
8090
9863
8605
8605
2947
9193
4036
2645
7432
6740
4772
7956
2326
6007
1807
9012
1170
5811
1504
2567
7494
6291
8903
6880
8519
410
5118
3873
8790
393
5661
4918
3956
1743
7354
3264
5776
9076
2014
587
4965
132
2015
4547
6443
7684
894
9764
6019
6770
8035
8343
4309
7438
7289
9958
2918
9271
5561
8790
26
1598
2225
3135
8765
5808
6799
6710
3775
5629
4044
8406
563
8590
751
2019
9502
9542
439
6512
2460
7051
8734
9372
6684
9781
2765
9043
6580
2973
1185
3353
9301
7193
7220
7203
5073
5464
1908
580
3908
2574
5772
6654
5394
5688
8285
6751
6388
6970
4045
2978
422
642
3814
6890
9997
8669
6541
9889
3170
4989
620
2604
2518
3760
5646
9823
6793
8807
6123
9293
8229
4854
9078
3190
4591
3690
6537
6342
9764
5669
1695
766
9639
1344
6583
9523
1253
7436
5032
7632
1009
5312
6808
2642
2592
6179
5130
5210
9781
8313
1871
9412
6364
3725
2957
9096
1216
1820
4955
8840
7666
7576
700
9031
9594
9972
281
2960
116
3636
1210
3020
4278
6008
6640
6530
6769
3423
9346
8443
8941
917
3411
6313
3265
3627
6801
8313
8527
8312
6526
2816
9907
4280
2196
4411
2219
1331
6611
8623
9391
2949
6784
1042
873
889
9097
1923
8049
5690
3834
4887
7703
2039
6232
5870
5566
7395
6876
3994
5948
5828
2263
5103
6839
5016
210
3697
1729
8907
3622
7769
1449
5168
8626
1024
662
5478
8648
5025
401
2797
9421
7138
4880
4422
8234
6320
2031
5889
211
7886
2696
3740
5658
8723
5094
8538
1597
4239
7490
3359
2639
9656
5488
8484
2645
9636
2838
6043
4836
2277
4410
7914
7611
2292
7141
3256
3359
3440
7432
8685
2323
9475
9448
3035
7067
7277
7160
8150
2882
3931
1283
4098
4908
1738
7773
8994
258
7101
6601
3075
5559
2074
1221
5315
7671
1935
5531
4374
2999
8685
2138
8464
6507
4779
1391
1098
3110
626
1361
9289
6443
8756
5562
5140
6639
4421
3017
3493
2936
8446
845
360
7115
4488
3162
8743
558
5878
134
1169
2208
5448
5469
6046
4678
8551
2410
7492
8325
7140
5408
4995
1872
8486
9027
5382
8688
3149
8265
6770
5779
461
8832
8305
2503
3666
7259
1844
3355
5092
8251
3519
9271
5294
2190
5460
1709
6022
1795
721
131
3100
7008
4771
9574
4174
9883
3874
412
8143
980
3860
8248
5644
2445
1974
2199
9463
3894
3341
558
2202
35
4989
3856
6434
3336
6860
4980
7781
6707
7601
2760
580
661
1482
3690
4921
5559
7180
5630
8995
4736
5202
8158
2025
2567
1565
2590
3363
7457
2119
9655
6782
7064
6281
6679
4435
5723
7085
6467
1814
5327
4383
6698
7639
5304
8269
2724
1073
3036
6132
1084
2662
9721
2172
2884
4751
3516
8614
9775
7899
8410
5415
2671
6013
6778
532
5751
2805
5279
1829
8887
347
837
2314
6967
5074
8055
1739
3942
5310
1800
8144
2534
7665
7737
7373
5614
5759
3615
9995
6895
7141
6039
6155
8063
3981
1734
4330
2786
6002
5148
9902
9531
347
4379
8618
8800
1656
7930
349
7273
4914
5647
6387
1934
390
9854
7825
4910
4727
9153
252
5236
5281
6256
5773
3468
6854
9497
1671
59
7965
9355
8673
8527
1066
3932
8854
2435
9237
6263
1689
5318
4429
9858
4296
3354
9215
3504
4060
8
3764
3430
1863
6097
868
6742
716
8689
6502
121
9976
2337
8470
7757
6373
1232
2829
664
3453
6986
9935
9748
8053
9084
704
8286
7256
3814
99
434
9906
1945
1128
9395
9208
8848
2156
4037
4194
7785
4877
9163
6386
1755
7704
6991
3926
1622
6504
5643
1670
6905
1857
208
2030
5420
6293
7646
6030
7281
1768
709
8088
4386
3850
1191
1427
8838
8766
6668
4318
1429
9374
185
535
8304
1769
4782
4541
9853
5362
8263
1420
6819
6507
2004
3761
9224
3675
3034
8967
6502
122
897
7240
1536
6537
9248
2374
9310
1555
5121
9337
6747
2331
7906
7838
8705
3239
2655
346
4317
9423
2596
2374
2456
6217
6368
2284
2707
1098
8099
7783
3703
6723
9683
2437
944
836
2388
2447
4564
3138
8501
4224
8709
3901
3782
10000
1275
4387
2863
7326
2951
7428
3016
8053
6353
5704
294
3767
609
2050
5045
7019
9829
4713
6986
1743
2812
182
1023
66
8919
7385
881
9800
1336
955
9050
6015
8393
1590
7036
3160
9967
3750
7300
8834
5659
2525
1959
6878
9885
6210
8689
897
9967
2594
5282
7739
9742
5521
9240
3302
4444
5552
5010
7207
5623
8125
6401
8671
2936
1623
2837
8505
8865
3577
2650
4798
2852
9804
4529
1997
6600
8389
8958
2403
9734
7012
9582
8358
623
9362
7907
8355
6875
3880
8982
8371
1996
5465
819
2024
1591
5128
8935
7580
3300
4870
7528
1961
4363
4648
5374
118
8946
9249
2525
5932
1072
7077
1333
905
9792
2835
1750
6606
1994
2464
3704
3241
3216
2400
1474
7631
9052
3876
2591
5780
5191
932
473
9643
5777
6948
5050
9750
3702
4944
9211
8985
9484
7359
3636
1839
1055
1383
9199
4486
8075
9815
8249
7077
9428
1338
9045
8769
6961
6346
1614
329
9651
4617
7395
873
5027
7292
7900
4401
5371
936
3444
8717
7094
5901
1666
4334
3457
2079
4481
1996
6475
95
4682
6362
5359
7818
3489
9784
4658
1438
7984
6433
1832
7942
8375
8747
3999
1283
2147
5367
4330
2445
8805
8870
3493
4431
7633
7060
4761
1518
644
5334
7788
6501
8294
3005
287
5084
895
4662
2531
8291
1830
4500
2314
680
3040
2251
1574
9002
4012
6704
8577
9949
8434
729
553
8812
429
4540
3080
7566
6557
9391
6965
3188
724
6276
1997
8372
8893
6219
5096
8145
2748
1167
783
6760
7741
7026
9472
69
6700
5659
3499
3431
981
9604
531
1403
7675
2911
1521
3130
6640
2869
937
9993
1895
6288
154
7849
9566
4079
4962
3056
1992
3763
5502
2056
4595
1009
4147
5225
2370
2241
9882
1790
7695
3421
907
4635
6931
4746
9326
2151
7694
1178
2384
2064
1326
5683
337
9018
2664
3207
3697
1923
471
2701
470
4033
4016
8910
5224
3693
5315
4828
6628
2150
70
1071
905
8537
4666
6480
3733
2283
9503
5773
9343
1138
8273
5214
5537
6304
1386
9290
1986
2249
3975
815
4354
456
8515
3542
6454
4148
4132
777
157
1857
4445
298
6534
7217
3250
1619
6588
5025
7997
8399
8165
2620
8817
6844
8055
9221
3417
9184
5140
6620
2930
2355
551
8394
3688
2306
6453
5189
7856
7439
8789
3603
7964
3551
6434
179
9296
3199
1671
592
4330
6228
9306
8502
7057
3798
5728
4592
5154
2734
4123
6243
729
7061
4348
2603
3243
6098
7631
7585
8609
7092
1925
6667
844
2633
3495
2932
1391
9434
3891
8192
6305
7275
8431
6330
4791
2007
1901
1781
2416
7043
4453
3370
308
7931
1308
4858
5716
7593
5832
841
9550
8111
1300
4249
4278
6176
7868
9888
284
9888
6369
7070
2
9544
7438
3345
8592
265
436
5
294
5963
433
3828
839
7931
5541
7726
1246
966
1984
8306
1692
8306
6302
691
8797
9641
9488
9648
7796
7181
9941
8972
4149
2956
8508
6547
9623
7711
2732
3787
5770
1829
6574
3723
6080
3381
7206
1833
8130
8632
1084
1542
2705
8269
4977
6478
7502
5016
7848
14
2498
8416
3714
688
9676
7396
6378
6617
1232
2173
6855
6977
399
5464
5848
8613
397
4962
9325
6533
6352
1308
5153
5393
6763
202
3375
1454
3625
1782
2506
5413
7916
7600
1019
1006
6511
2167
7734
505
1549
8033
4274
108
3202
5664
4318
3235
8252
9547
2229
808
8049
8244
5003
3801
9392
2870
9196
61
8912
2395
4841
3291
2364
4010
304
5348
7680
8907
675
4289
9530
3361
9473
6327
5301
6759
4913
2292
9227
3091
1412
8891
5785
8435
5169
4013
803
7739
8550
3723
8260
5148
5087
5343
6707
1626
7900
5251
8792
9218
5541
1654
7725
2382
6032
722
2570
6627
812
2362
4785
6026
5508
1166
2331
1852
64
5194
9491
3337
9879
2281
7453
9096
5420
5819
1341
9991
1922
3702
2335
2000
1594
9874
2964
5819
3627
6312
2475
3537
6204
9921
4164
645
3646
9821
4370
4943
3963
7574
6987
1714
7510
4653
4632
6051
8552
9405
4668
5098
5447
5740
6729
2314
2264
1968
1532
5880
5053
650
7142
7259
8519
163
8448
4756
2490
9046
6407
4177
751
6150
6928
2993
8078
7029
4226
7463
9023
1915
4758
730
3561
9660
461
5895
4401
4743
6275
7521
7892
4125
6833
757
1553
1420
4711
4120
6811
8637
3255
3074
6843
2667
9266
1132
527
4857
2665
4134
1044
4772
2844
9541
6924
3924
665
1075
9182
9473
2524
5839
8521
3222
2627
5965
3331
5755
2870
3783
3096
8052
1053
5711
9759
7119
4517
3091
3686
3990
9812
8300
8407
1174
2573
6077
5107
327
6483
4156
4303
167
2392
5368
2449
9669
2376
4377
1526
6261
5090
4675
2301
9340
7404
4836
7532
4068
4199
3859
3590
838
964
7388
5186
5956
1773
7708
1127
3558
4206
9766
9440
2620
826
8289
7477
8040
7022
3687
1992
4637
9571
8798
9080
3182
4194
9732
7913
8609
1718
5775
1225
3629
7727
2846
2877
4802
4262
7482
6700
3379
313
3516
1743
7241
3911
9447
2368
219
3100
4673
2479
4467
7512
1822
4328
2353
4315
787
9348
3760
7414
7277
2500
6397
8443
489
2199
7458
4791
696
9359
4773
6398
9800
2588
5002
3909
9518
9544
5843
9717
368
7336
3594
8244
8579
2878
8011
9379
4741
4168
9514
7388
2124
3602
5379
9293
2003
8548
7595
7751
1897
6119
6633
1914
7533
2864
7496
6606
844
1430
4597
3897
3685
8165
2758
5211
5068
5130
1822
3051
4459
1060
5153
9486
463
6094
9876
9441
4537
9862
7457
8645
9180
9246
6339
7121
2953
5832
8771
365
3550
9026
9692
7020
7093
8027
4818
1020
4921
4376
8831
4573
7755
8417
2404
9516
990
8916
2655
2897
1036
3291
9575
8287
5838
6030
3960
119
7028
5812
5494
9855
2261
6982
2238
5843
2581
9676
1792
8884
8260
3700
6195
3804
7519
3127
8499
8766
8689
8735
9192
3
6566
4735
6652
4622
7982
8847
3799
5879
4816
7246
3530
1233
71
7139
1615
5375
8539
252
1446
3635
4543
2275
5324
9726
6930
6269
5337
1192
5580
7864
3204
1475
8875
1248
5569
6369
1851
9853
3311
4218
3978
2779
8173
4861
6683
2921
8171
3436
7536
7281
6961
4650
1819
5487
7362
7848
4443
2409
3635
1102
8359
7036
2665
9517
1215
6497
6463
7244
1689
9277
5487
6052
3988
5210
6498
1951
1568
9222
8163
5092
2199
2350
588
9834
7077
5889
1818
9694
6867
575
2952
7693
7236
5335
8757
9553
5182
3245
9718
6852
2419
6981
540
4090
7556
6911
1680
2365
953
5446
1351
5126
8043
908
3150
7199
6369
9395
8056
1719
99
5812
4438
5753
2526
7721
9626
6540
4781
5893
4226
562
6143
7866
1201
102
2047
3443
6605
9539
4538
7101
441
1117
7283
637
4314
4601
2026
5404
572
4217
4614
9063
5209
4863
1627
744
6710
5886
2864
8115
7482
1359
9886
6489
2592
2419
7244
2643
3712
1315
3553
1896
7710
5835
6246
6475
1807
2535
2418
4647
845
8371
5628
3971
187
4677
7096
2823
5073
5070
6291
9666
6927
8434
5890
8863
7932
4462
7288
9497
5908
3061
2236
6872
7934
6357
6685
1832
2099
809
9940
596
327
1910
3655
8675
5186
9795
8408
2737
8795
7302
1019
4757
4061
556
4861
2285
7361
7938
7532
4412
2805
3167
1620
7002
734
9492
7030
4960
72
435
9201
2766
7863
7651
923
5597
6308
1281
5443
5087
3458
4058
1379
8939
3285
6203
8369
7368
2406
6311
4414
3130
5243
9426
4318
6881
2312
4073
1807
5627
5148
897
8462
2223
2795
8738
4293
4541
2679
7560
6315
1191
2569
6091
1443
8660
4530
5086
5134
5216
4566
9834
2333
436
9325
805
6836
758
7034
868
9030
6185
4028
1408
6415
2576
9221
9446
4671
1277
6897
5908
4118
8538
2191
8188
7246
1394
8659
8345
9299
9632
4786
748
1563
6271
48
7864
2539
5725
5416
7035
8052
2045
84
6900
6371
1088
6354
6577
4749
990
4727
784
6571
4129
9933
1972
9622
9543
9475
9010
7647
5059
5388
776
368
2867
931
7388
7186
6065
1734
8640
1807
2038
2234
9785
2832
9065
2877
7126
6491
5022
4532
9305
3431
2229
5853
1521
5108
1791
8479
8353
4392
7914
5962
9188
7596
2648
4354
9585
2525
1133
196
9558
6791
7304
7761
267
7569
4679
7439
2450
4648
2905
6487
7414
1826
813
4783
675
2009
6232
4013
5755
7681
8284
3438
6139
2572
5193
8268
9273
2313
7541
2575
2917
4259
5620
6915
7747
4473
4070
4347
9836
8830
4290
148
3939
2990
3156
9573
8572
5746
6614
5588
8586
7803
3635
9085
5182
7840
1303
3334
2410
925
948
497
9350
1715
1704
8939
5700
4577
1942
9896
256
7016
5033
4741
6007
8782
8502
5732
7901
407
4591
7399
9872
679
7881
9788
654
4249
144
252
6513
5303
8213
5199
5050
8176
2672
2957
8594
5860
3642
9339
7815
2777
8944
2755
4794
4348
2162
428
6292
2970
2284
2722
7055
2799
3600
6570
3061
5051
9930
856
564
1352
5716
7399
692
9396
5764
9038
7114
6903
3320
4816
615
5663
4716
8770
8511
8229
4908
9229
274
43
6711
2526
8895
9949
5521
8319
2574
4201
2767
3977
6990
3288
2467
1655
3625
340
25
9965
5196
1755
1615
6011
1268
9462
6121
2885
1605
6637
6616
5520
6966
8538
863
6953
7019
5714
8506
4155
4770
7991
3126
4879
6365
7569
9854
6340
1697
3122
591
8344
7476
6214
6179
9504
5974
189
2108
1806
6846
146
8818
301
7655
8481
156
946
6854
3766
2592
3970
6534
5528
2126
9778
3332
327
8914
7493
4767
5942
7873
777
757
7738
657
8411
2051
2542
6168
1662
127
2427
936
6508
2979
9202
3645
534
8025
8540
2081
4100
1633
2712
3875
3083
3012
2052
2941
8506
7987
1192
8796
7652
3257
2643
5967
5864
2161
5509
8798
2877
1686
7062
1212
3496
9065
345
1088
787
4587
5725
3293
1038
9847
6399
5246
160
4142
3047
110
7122
611
6769
3187
1186
5860
8323
6785
7384
2397
8247
9921
3442
2699
5730
480
5976
8209
8683
5897
1406
295
4418
673
5996
5820
4003
6734
4650
5770
2852
1629
1316
6448
53
6188
400
396
4031
905
2313
1990
4732
987
9862
2382
1862
7303
5875
7538
2320
3145
8747
6980
9995
3226
7712
8859
7724
4429
2734
9244
7927
7699
2535
9529
4565
9551
2509
8968
7037
98
9546
1794
1077
5274
2675
4059
6794
3255
1288
8364
8673
1644
7244
2125
9918
7771
7728
1751
8900
9818
8722
7589
9789
6071
8777
3532
4101
5851
9363
5301
5732
6668
7268
4031
3931
5897
1033
355
8071
8532
5757
1984
8080
2684
1237
7359
630
111
2037
3919
773
585
6832
9965
6859
8133
715
6585
4972
8263
9
9344
2761
7489
2586
5705
9566
1671
1288
2934
5626
2026
5321
7588
7821
3840
7146
5623
5078
8628
6410
6467
3146
7904
9381
2870
9311
3481
5890
4683
1397
589
9809
2802
1007
777
2902
9980
4642
3400
1489
6048
6868
2746
4737
5137
8921
4786
7555
5701
8291
1565
916
9930
1347
3498
1188
6691
5666
1742
8190
1638
4518
5432
1974
8901
9051
5843
6261
537
1369
5233
508
2165
9313
4952
4970
2652
9736
3623
6244
6333
9469
2895
4594
7268
7023
3071
3323
1837
6018
8711
5662
8533
4888
7178
7311
643
4049
4683
9597
5319
8119
8354
2823
8994
7156
455
1817
6132
3735
2607
7046
4489
1256
2110
7238
5837
956
3457
7684
8725
3254
8173
5586
5503
5656
7870
6677
8230
4263
5876
4423
8911
9739
7240
8810
6098
930
8502
5863
6086
2962
5932
4160
2038
5559
6572
9903
6993
1796
6026
6391
3348
230
5439
4205
3264
6563
3915
2249
9673
2099
4077
9481
1729
6228
4414
5831
1552
6584
3328
7860
2525
3350
6805
612
4845
6796
473
4393
7761
3178
2663
9205
7938
1037
1739
2100
8344
7104
6822
9312
8155
5653
3969
5373
7114
170
3218
2666
6211
664
1892
4315
1691
2817
8120
3009
2603
5448
7583
2186
9962
3849
6121
548
7473
8443
5830
4618
6654
1653
9976
7541
2598
1365
1296
4149
118
6344
6217
7956
100
2955
3606
7788
9446
8158
8909
7008
9588
4703
9075
6994
3385
1890
2275
3299
7547
1160
2414
7981
1455
9825
3097
4274
7573
1132
9863
4212
599
3112
4125
3444
5765
4496
1092
5500
6607
6375
4110
2910
1858
4803
1237
8631
434
3233
3204
3658
3281
6350
2886
9884
3380
9330
3737
6609
6589
1007
8293
7908
7596
9623
6982
2020
5038
1362
64
803
8922
5729
5375
2446
1150
2508
5783
2099
8394
7803
6961
6618
6412
2096
858
8478
516
258
6059
4448
4620
4
8876
357
7635
7488
9192
5914
7091
2131
2731
3105
5825
12
794
2274
6550
8243
9349
9383
5203
2839
121
532
4672
7608
784
9009
1121
5831
1367
6706
9163
4591
7271
3329
287
1360
5194
9095
8303
551
191
8885
9795
1011
2014
1605
9231
6753
5195
7921
1889
7329
6050
19
585
6880
8255
142
2572
2330
1281
5972
6045
9695
4837
8318
8649
9054
9277
1075
509
9672
9809
3779
4442
5155
441
6066
7765
7014
216
5109
7262
9397
9929
1132
1329
7683
331
8758
7174
9638
6234
4342
1208
1170
9742
9127
3898
3443
4340
9239
1145
7292
5974
2094
5518
7868
4512
9934
460
8931
1431
3496
8112
8551
2779
6371
6898
2398
3495
8893
6841
4690
7064
4756
3746
4658
7301
5843
2600
4768
7310
555
998
1472
8070
1405
1249
8569
6958
3184
4956
5245
810
8202
479
3399
2401
6265
7990
6946
3404
6299
6250
1022
5353
5122
1207
5666
7611
4153
2120
368
3089
589
6460
1104
7998
6125
2813
3764
1243
2368
1679
853
8109
596
7156
8547
8477
4791
1602
513
8674
2088
5163
2548
2970
4012
798
1292
5780
7098
7260
2654
9185
7769
2650
5623
9746
1746
9915
7754
2540
12
796
4888
7611
6562
6730
5651
1360
2279
1206
1457
3188
6684
4892
44
4148
3532
1254
5738
587
9805
6251
9561
6658
8243
2421
5201
9001
6004
7729
2197
3213
966
782
3712
6051
9837
169
5261
1701
5862
1921
6156
9404
3087
2020
4312
3751
6153
5626
4297
6175
6712
4458
7233
7625
2177
7261
8204
285
8260
9866
1661
6400
6935
7934
1931
4103
7814
1460
3316
2308
614
1422
7600
6912
1730
8258
5073
7478
1512
6118
2359
5877
4556
9873
1157
1400
552
9966
1098
4391
8011
3209
6493
388
5636
5301
5718
802
3529
2313
3826
1644
3098
2144
5478
7803
6485
1075
4490
7743
70
1655
5106
7206
7910
6377
1155
15
7083
7307
7184
1734
8971
8380
8443
6092
2557
3970
8078
3817
2999
2164
7587
8517
6830
8236
4188
2865
2137
4710
2765
5327
4200
5945
9573
6841
3761
7961
9616
9554
882
5618
170
5161
5697
808
3762
4595
5793
9308
4816
4275
703
916
8450
814
2951
3765
1001
8627
4619
4459
4357
9422
4061
7483
7359
9353
1105
5646
2829
921
4364
7874
3460
8205
6596
8882
2455
1835
6576
8409
9588
4531
1014
3965
4266
6128
7873
2182
2238
9606
656
4667
1119
2385
5123
8392
1959
5969
2484
7163
8782
590
7032
2147
3153
5932
9714
2196
5803
8969
1881
8108
5619
2034
5960
3701
3861
6321
9411
1245
8698
3396
6246
6333
8203
4464
2177
2421
1783
6786
6961
3561
6241
7234
8589
3028
5883
59
8915
9694
3856
3126
7831
8103
6071
3866
1058
993
8887
3448
832
8593
1079
6955
5159
7870
7833
2733
5105
858
5400
3936
8747
816
4880
7631
7549
5353
5270
6378
1970
8974
4545
6310
5410
2457
8267
7573
9017
5790
5621
6293
5512
8811
7074
6021
9988
8997
7150
1787
8537
327
7402
1719
8982
4036
867
8676
7818
2976
1774
3906
8418
3515
2542
5171
7803
6181
6793
5366
7956
4785
8466
4023
3610
311
7092
9733
3747
1610
2421
7952
7660
579
5788
151
2082
2001
5586
3600
6865
5508
2929
6420
5807
2101
7167
8045
3525
8715
1884
9721
6745
6941
6356
5598
1981
8405
8298
3874
2111
1775
349
5128
4974
3940
8550
8399
1123
5068
9463
5540
4923
8505
970
9755
9798
1322
2245
2068
4036
7555
3277
4299
6856
4158
8238
9746
9558
4564
9119
249
6562
5950
8216
1055
2907
527
9324
7477
1886
4223
9026
8148
3441
1716
4204
8920
1376
276
7676
3624
5439
6618
8223
9772
1129
1679
7566
7230
2167
9706
8974
7711
826
1730
6400
7438
2830
5180
4620
5411
246
8646
2967
1670
1269
7889
8693
3784
4181
6693
1191
9398
3432
7483
806
5754
4720
5392
2599
1444
6688
5502
2856
5574
8134
8807
3551
2147
2334
7725
2027
742
7215
3379
6800
6629
9799
9130
9394
8945
6655
5492
5878
1518
2499
3952
5552
1181
2598
3015
4649
6188
3427
6664
5693
3247
3532
2158
8714
545
49
188
592
7310
1649
8254
5827
48
2924
4135
6740
6871
6463
4169
3193
3809
7054
6388
6519
8863
6372
2703
4680
2253
8884
5545
5581
2368
2778
6591
9373
1729
3354
7637
9399
361
2210
1350
6976
8220
1608
9538
1242
4706
8223
6771
5354
1295
2323
7798
2331
9271
8257
508
6936
3665
2917
9172
9037
6838
5324
8689
6360
5562
4058
3328
6142
3608
8402
1375
3675
810
4455
6775
6168
5647
7373
3697
8698
4866
4025
1439
6225
9045
2518
5222
849
333
7398
2813
8004
3145
6364
9089
2941
3251
576
9806
8920
1459
2805
9570
4700
4216
2414
6750
1309
5431
773
1790
5009
169
8248
9227
3147
8592
885
4724
1815
4501
764
6541
8930
3377
5763
971
573
8010
4294
4339
9859
4057
7091
43
9358
6026
3392
8197
4568
9307
1603
7029
802
2457
3804
7635
7534
9979
236
1952
7872
6061
2637
6167
914
3634
3211
9401
566
7449
8760
1240
6546
2582
6691
9992
575
3316
4458
6925
2801
4202
6151
1916
638
4719
6526
2472
3157
9367
154
5494
7501
5803
1568
1938
247
4929
7768
5281
4244
3258
1794
8841
9300
2672
9517
4605
4901
7613
9066
7062
728
9324
9490
8079
1935
2830
9507
8764
9065
7036
7267
5122
608
8080
4999
2874
2727
3367
662
9597
5642
7179
4803
3568
3068
7938
9541
9411
5843
4935
9877
4294
4775
5081
2971
7613
4174
7527
6886
1837
8820
1113
4439
7092
3039
9061
8273
4202
9817
3457
3724
6415
2661
7023
5190
3497
7538
3281
8794
8246
3585
7426
4758
8732
1402
2152
808
9100
1134
9867
5734
7585
593
8294
9447
5399
4811
3970
3963
8609
226
9003
2722
6609
8080
5236
4413
2166
3575
4981
8087
4342
618
9459
9255
28
2294
3890
5535
9820
4468
7293
2761
7278
3959
3786
2673
6340
139
6303
5112
6665
9364
1564
3029
4553
311
646
166
565
2499
6077
8711
1244
984
6498
2731
4817
808
9008
8428
3090
8062
553
5217
8827
2400
188
2522
2441
4837
4900
8891
8807
6415
3348
1057
9654
5921
2505
6404
4246
9652
8650
861
5579
3318
8171
9327
3220
3348
4932
5515
2508
1262
1380
4289
640
7938
6269
5874
404
8374
4632
9830
3762
6646
1689
4731
2984
2222
9509
4641
8302
3784
7214
7172
496
7040
5853
8157
2919
8731
327
2752
5053
7932
1874
6355
9789
9757
2693
5398
3128
4922
1661
7761
5925
8788
1043
226
9903
5079
1010
8874
1304
3429
5136
2285
1962
1629
4132
6893
4333
8286
8302
7018
1
9659
4759
3127
9985
8793
5368
4259
8173
9993
4769
9590
506
3710
7102
9385
9166
9782
365
1822
4022
1496
285
9888
6361
7682
1853
9789
5433
6049
4215
729
8493
2974
9752
2442
229
3594
8233
7583
3485
781
3117
7997
3594
2062
549
4975
8800
9125
9735
1510
6981
6374
6122
76
4957
4460
7713
1591
5345
2483
4570
5702
9902
1254
2428
7492
1903
6061
2143
3109
2776
8474
5505
1720
9071
4157
9220
8203
4280
3470
2038
691
8762
9047
6088
112
5912
4109
8322
7632
3198
8293
1190
1830
5691
6507
8831
9778
2485
3303
3365
1138
5961
4393
2369
4341
9618
9562
823
2372
1255
7051
9229
6344
6990
8131
132
3689
2396
8421
6040
1643
9636
8976
8271
8679
5673
471
1577
5715
9832
3725
9330
8662
1350
758
7401
1475
8958
8836
9011
8347
755
1345
8456
4117
101
9511
8842
9476
1838
4680
5802
2453
2956
8552
3646
3913
1146
6499
4423
3372
8729
8098
972
6296
9370
3115
8656
3360
3079
8861
2139
8927
8550
8811
2978
714
1410
8874
4551
3342
4409
1714
7119
1777
3851
1031
7509
1960
9149
8944
653
9560
211
4740
7473
4780
2826
3392
7815
6978
6398
388
9963
5445
158
7155
6326
5450
3304
9531
1375
4653
2855
7948
2242
9829
701
641
7471
1704
5481
4145
5757
2193
9069
9653
3154
1928
5482
9826
5465
3658
6745
9413
4291
4605
5985
4548
2418
8718
2105
5678
790
5596
7185
3090
7004
8306
9983
5152
9636
5601
7132
995
1371
9215
6668
1623
5128
5114
7856
9282
8869
1942
8304
2125
5927
3304
19
8927
6201
6719
6161
9110